=====================
Machine: 0
=====================
Weights: 1815 Vote: For Placement ([0, 0, 0, 0, 0], [0, 0, 0, 0, 0])
[[[ 0  0  0  0  0  0  0  0  0  0  0  0]
  [ 0  0  0  0  0  0  0  0  0 -1 -1  0]
  [-1 -1 -1  0  0 -1  0  0  2  0 -1  0]]

 [[ 0 -1 -1 -1  0 -1  0 -1  0 -1 -1  0]
  [ 0 -1  0 -1 -1 -1  0  0  0  0  0  0]
  [-1 -1  0  0 -1 -1 -1  0  0  0  0 -1]]

 [[ 0 -1  0  0  0 -1  0  0 -1 -1  0  0]
  [ 0 -1  0 -1 -1 -1  0  0  0  0  0 -1]
  [-1  0 -1  0 -1  0 -1  0 -1  0 -1 -1]]]
----------------------------
Weights: 1752 Vote: Against Placement ([0, 0, 0, 0, 0], [0, 0, 0, 0, 0])
[[[ 0  0  0  0  0  0  0  0  0  0  0  0]
  [ 0  0  0  0  0  0  0  0  0  0  0  0]
  [ 0  0  0 -1 -1  0 -1 -1 -1  0  0  0]]

 [[-1  0 -1 -1 -1 -1  0 -1  0 -1 -1 -1]
  [-1  0 -1 -1  0 -1  0 -1  0  0  0 -1]
  [-1  0  0 -1  0 -1 -1  2 -1 -1 -1  0]]

 [[ 0  0  0  0  0  0  0  0 -1  0 -1  0]
  [-1  0  0  0  0 -1  0 -1 -1  0  0  0]
  [ 0  0 -1 -1  0  0  0 -1  0  0 -1  0]]]
----------------------------
Weights: 1743 Vote: For Placement ([0, 0, 0, 0, 0], [0, 0, 0, 0, 0])
[[[ 0  0  0  0  0  0  0  0  0  0  0  0]
  [-1 -1 -1  0 -1 -1 -1 -1 -1 -1 -1 -1]
  [-1 -1 -1 -1 -1 -1 -1 -1 -1 -1 -1 -1]]

 [[-1 -1 -1 -1 -1 -1 -1 -1 -1 -1 -1 -1]
  [-1 -1 -1 -1 -1 -1 -1 -1 -1 -1 -1 -1]
  [-1 -1 -1  2 -1 -1 -1 -1 -1 -1 -1 -1]]

 [[-1  0 -1 -1 -1 -1 -1 -1 -1 -1 -1 -1]
  [-1 -1 -1 -1 -1 -1 -1 -1 -1 -1 -1 -1]
  [-1 -1 -1 -1 -1 -1 -1 -1 -1  0 -1 -1]]]
----------------------------
Weights: 1551 Vote: Against Placement ([0, 0, 0, 0, 0], [0, 0, 0, 0, 0])
[[[ 0  0  1  0  0  0  0  0  0  0  0  0]
  [ 0  0  0  0  0  0  0  0 -1 -1  0  0]
  [-1  0  0 -1  2 -1 -1  0 -1 -1  0  0]]

 [[ 0 -1  0 -1 -1  0  0  0  0  0  0 -1]
  [-1  0  0  0  0 -1  0 -1 -1  0 -1 -1]
  [ 0  0 -1  0  0 -1 -1  0  0 -1  0 -1]]

 [[ 0  0 -1 -1  0 -1 -1 -1 -1 -1 -1 -1]
  [ 0  0  0  0 -1 -1  0 -1  0  0 -1  0]
  [ 0  0  0 -1 -1  0 -1 -1  0  0  0  0]]]
----------------------------
Weights: 1467 Vote: Against Placement ([0, 0, 0, 0, 0], [0, 0, 0, 0, 0])
[[[ 0  0  0  0  0  0  0  0  0  0  0  0]
  [ 0  0  0  0  0  0  0  0  0  0 -1  0]
  [ 0  0  0  0  0  0  0  0  0  0  0  0]]

 [[ 0  0  0  0  0  0  0  0  0  0  0  0]
  [ 0  0  0  0  0  0  0  0  0  0  0  0]
  [ 0  0  0  0  0  0  0  2  0  0  0  0]]

 [[ 0  0  0  0  0  0  0  0  0  0  0  0]
  [ 0  0  0  0  0  0  0  0  0  0  0  0]
  [ 0  0  0  0  0  0  0  0  0  0  0  0]]]
----------------------------
Weights: 1401 Vote: Against Placement ([0, 0, 0, 0, 0], [0, 0, 0, 0, 0])
[[[ 1  1  0  0  0  0  0  0  0  0  0  0]
  [ 0  0  0  0  0  0  0  0 -1 -1 -1 -1]
  [-1  0 -1 -1  2 -1 -1 -1 -1 -1 -1 -1]]

 [[-1 -1  0 -1 -1 -1 -1 -1 -1 -1 -1 -1]
  [-1  0 -1 -1 -1 -1 -1 -1 -1 -1 -1 -1]
  [-1 -1  0 -1 -1 -1 -1 -1 -1 -1 -1 -1]]

 [[-1  0 -1 -1  0  0 -1 -1  0 -1 -1 -1]
  [-1  0 -1 -1 -1 -1 -1 -1 -1 -1 -1 -1]
  [-1  0 -1 -1 -1 -1 -1 -1 -1 -1  0 -1]]]
----------------------------
Weights: 1395 Vote: For Placement ([0, 0, 0, 0, 0], [0, 0, 1, 0, 0])
[[[ 0  0  0  0  0  0  0 -1  0  0  0  0]
  [ 0  0  0  0  0  0  0  0  0  0 -1  0]
  [ 0  0  0  0  0  0  0  0  0 -1  0  0]]

 [[ 0  0 -1  0  0  0  0  0  0  0  0  0]
  [ 0 -1  0  0  0  0  0  0  0  0 -1 -1]
  [ 0  0  0  0  0  0  0  0  0  0  0  0]]

 [[ 0 -1  0  0  0  0  0  0  0  0  0  0]
  [ 0 -1  0  0  0  0  0  0  0  0  0  0]
  [ 0  0  0  0  0  0  0  0  0  0  0  0]]]
----------------------------
Weights: 1380 Vote: For Placement ([0, 0, 0, 0, 0], [0, 0, 0, 0, 0])
[[[ 0  0  0  0  0  0  0  0  0  0  0  0]
  [ 0  0  0  0  0  0  0  0  0  0  0  0]
  [ 0  0  0  0  0  0 -1  0  0  0  0  0]]

 [[ 0  0  0  0  0  0  0  0  0  0  0  0]
  [ 0  0  0  0  0  0  0  0  0  0  0  0]
  [ 0 -1  0  0  0  0  0  0  0  0  0  0]]

 [[ 0  0  0  0  0  0  0  0  0  0  0  0]
  [ 0  0  0  0  0  0  0  0  1  0  0  0]
  [ 0  0  0  0  0  0  0  0  0  0  0  0]]]
----------------------------
Weights: 1360 Vote: Against Placement ([0, 0, 0, 0, 0], [0, 0, 0, 0, 0])
[[[ 0  0  0  0  0  1  0  0  0  0  0  0]
  [ 0  0  0  0  0  0  0  0  0  0 -1 -1]
  [ 0  0  0  0  0  0  0  0  0  0  0  0]]

 [[ 0  0  0  0  0  0  0  0 -1  0  0  0]
  [ 0  0  0  0  0 -1 -1 -1  0 -1  0  0]
  [-1  0  0  0 -1  0  0  1  0  0 -1  0]]

 [[ 0  0  0  0  0  0  0  0  0  0  0  0]
  [-1  0  0  0  0 -1  0  0 -1  0  0  0]
  [ 0  0  0  0  0  0  0  0  0 -1  0  0]]]
----------------------------
Weights: 1356 Vote: Against Placement ([0, 0, 0, 0, 0], [0, 0, 0, 0, 0])
[[[ 0  1  0  0  0  0  0  0  0  0  0  0]
  [ 0  0 -1  0  0  0  0  0  0 -1 -1 -1]
  [-1  0 -1 -1  2 -1 -1 -1 -1 -1 -1 -1]]

 [[ 0 -1  0 -1 -1 -1 -1 -1  0 -1 -1 -1]
  [-1  0 -1 -1 -1 -1 -1 -1 -1 -1 -1 -1]
  [-1 -1 -1 -1 -1 -1 -1 -1 -1 -1 -1 -1]]

 [[-1 -1 -1 -1 -1 -1 -1 -1 -1 -1 -1 -1]
  [-1 -1 -1 -1 -1 -1 -1 -1 -1 -1  0 -1]
  [-1  0 -1 -1 -1 -1  0 -1 -1  0 -1 -1]]]
----------------------------
Weights: 1320 Vote: For Placement ([0, 0, 0, 0, 0], [0, 0, 0, 0, 0])
[[[ 1  1  0  0  0  0  0  0  0  0  0  0]
  [ 0  0 -1  0 -1 -1  0 -1 -1 -1 -1 -1]
  [-1 -1 -1 -1 -1 -1 -1 -1 -1 -1 -1 -1]]

 [[-1 -1 -1 -1 -1 -1 -1 -1 -1  0 -1 -1]
  [-1 -1 -1 -1 -1 -1 -1 -1 -1 -1 -1  0]
  [ 0 -1 -1  2  0  0 -1 -1 -1 -1 -1 -1]]

 [[-1  0 -1 -1 -1 -1  0 -1 -1 -1 -1 -1]
  [-1 -1 -1 -1 -1 -1  0 -1 -1 -1 -1 -1]
  [-1 -1  0 -1 -1 -1 -1 -1 -1 -1 -1 -1]]]
----------------------------
Weights: 1244 Vote: For Placement ([0, 0, 0, 0, 0], [0, 0, 0, 0, 0])
[[[ 0  0  0  0  0  0  0  0  0  0  0 -1]
  [ 0  0  0  0  0  0 -1 -1 -1  0 -1 -1]
  [ 0  0  0  0 -1 -1 -1 -1 -1 -1 -1 -1]]

 [[ 0  0 -1  0 -1  0 -1  0 -1  0  0 -1]
  [ 0  0  0  0  0 -1  0 -1 -1  0  0  0]
  [ 0  0  0  2 -1 -1  0 -1  0  0 -1 -1]]

 [[ 0  0  0 -1 -1 -1  0  0  0  0 -1  0]
  [-1 -1  0  0 -1 -1  0 -1  0 -1  0 -1]
  [ 0  0  0 -1 -1 -1 -1  0 -1 -1  0  0]]]
----------------------------
Weights: 1228 Vote: For Placement ([0, 0, 0, 0, 0], [0, 0, 0, 0, 0])
[[[ 0  0  0  0  0  0  0  0  0  0  0  0]
  [ 0  0  0  0  0  0  0  0  0  0  0  0]
  [ 0  0  0  0  0  0  0  0  0  0  0  0]]

 [[ 0 -1  0  0  0  0  0  0  0  0  0  0]
  [ 0 -1  0  0  0  0  0  0  0  0  0  0]
  [ 0  0  0  0  0  0  0  0  0  0  0  0]]

 [[ 0 -1  0  0  0  0  0  0  1  0  0  0]
  [ 0  0  0  0  0  0  0  0  0  0  0  0]
  [ 0  0  0  0  0  0  0  0  0  0  0  0]]]
----------------------------
Weights: 1207 Vote: Against Placement ([0, 0, 0, 0, 0], [0, 0, 0, 0, 0])
[[[ 0  0  0  0  0  0  0  0  0  0  0  0]
  [ 0  0 -1  0  0  0  0  0 -1  0 -1  0]
  [-1 -1 -1  0 -1  0 -1  0  0 -1  0 -1]]

 [[-1  0 -1  0  0 -1 -1 -1 -1  0  0  0]
  [-1  0 -1  0 -1  0  0 -1 -1 -1 -1 -1]
  [-1 -1 -1 -1 -1 -1 -1  0 -1 -1 -1 -1]]

 [[ 0  0 -1 -1 -1  0 -1  2 -1 -1 -1  0]
  [-1 -1  0 -1 -1  0 -1 -1 -1  0 -1 -1]
  [-1 -1 -1 -1 -1  0 -1  0 -1  0  0  0]]]
----------------------------
Weights: 1197 Vote: Against Placement ([0, 0, 0, 0, 0], [0, 0, 0, 0, 0])
[[[ 0  0  0  0  0  1  0  0  0  0  0  0]
  [ 0  0  0  0  0  0  0  0 -1 -1 -1 -1]
  [-1  0  0 -1 -1 -1  0 -1  2  0  0  0]]

 [[-1 -1  0 -1 -1 -1  0  0 -1  0  0  0]
  [ 0  0 -1  0 -1  0  0 -1 -1 -1 -1  0]
  [-1  0  0 -1 -1 -1 -1  0  0 -1  0 -1]]

 [[ 0  0 -1 -1 -1  0  0  0 -1  0 -1  0]
  [ 0  0  0 -1  0  0  0 -1 -1 -1 -1  0]
  [-1 -1 -1 -1 -1  0 -1  0 -1  0 -1 -1]]]
----------------------------
