=====================
Machine: 0
=====================
Weights: 2289 Vote: For Placement ([0, 0, 0, 0, 0], [0, 0, 0, 0, 0])
[[[ 0  0  0  0  0  0  0  0  0  0  0  0]
  [ 0  0  0  0  0  0  0  0 -1  0 -1  0]
  [ 0  0 -1 -1 -1  0  0 -1 -1 -1  0 -1]]

 [[-1  0 -1  0  0 -1 -1 -1  0  0  0  0]
  [-1  0 -1  0  0  0  0  0 -1  0  0  0]
  [ 0  0 -1 -1 -1  0  0  2  0 -1  0 -1]]

 [[-1  0  0  0  0  0  0 -1 -1  0 -1  0]
  [ 0  0 -1  0  0  0 -1 -1  0 -1  0 -1]
  [ 0  0 -1 -1 -1  0  0 -1  0  0 -1  0]]]
----------------------------
Weights: 2195 Vote: Against Placement ([0, 0, 0, 0, 0], [0, 0, 0, 0, 0])
[[[ 0  0  0  0  0  0  0  0  0  0  0  0]
  [ 0 -1 -1  0  0  0  0  0 -1 -1 -1 -1]
  [ 0 -1 -1 -1 -1 -1  0 -1 -1 -1  0 -1]]

 [[-1  0 -1  0 -1 -1 -1 -1 -1 -1 -1  0]
  [-1 -1 -1 -1  0 -1 -1 -1 -1 -1 -1 -1]
  [-1  0 -1 -1 -1 -1  0 -1 -1 -1 -1 -1]]

 [[-1  0 -1  0 -1 -1 -1 -1 -1  0  2  0]
  [-1 -1 -1 -1  0  0 -1 -1  0 -1 -1 -1]
  [ 0 -1 -1  0 -1 -1 -1 -1 -1 -1 -1  0]]]
----------------------------
Weights: 1835 Vote: Against Placement ([0, 0, 0, 0, 0], [0, 0, 0, 0, 0])
[[[ 0  0  0  0  0  0  0  0  0  0  0 -1]
  [-1 -1 -1  0  0  0  0  0  0 -1 -1 -1]
  [ 0  0  0 -1 -1 -1 -1 -1  0  0 -1  0]]

 [[ 0  0 -1  0 -1 -1 -1 -1  0  0 -1  0]
  [ 0 -1  0  0 -1 -1 -1  0 -1  0 -1 -1]
  [ 0 -1 -1  2 -1 -1 -1  0  0  0  0  0]]

 [[ 0  0 -1 -1 -1 -1 -1  0  0 -1 -1 -1]
  [ 0 -1  0 -1 -1  0 -1  0  0  0 -1  0]
  [-1  0 -1 -1 -1 -1 -1 -1  0 -1 -1  0]]]
----------------------------
Weights: 1827 Vote: For Placement ([0, 0, 0, 0, 0], [0, 0, 0, 0, 0])
[[[ 0  0  0  0  0  0  0  0  0  0  0  0]
  [ 0  0  0  0  0  0  0  0 -1 -1 -1 -1]
  [-1  0  0 -1 -1 -1 -1 -1  0  0  0  0]]

 [[-1  0 -1 -1 -1  0 -1 -1 -1 -1 -1 -1]
  [-1 -1 -1 -1 -1 -1 -1  1 -1 -1 -1 -1]
  [-1 -1  0 -1 -1  0  0 -1 -1 -1 -1 -1]]

 [[-1  0  0  0 -1 -1 -1  0 -1 -1 -1 -1]
  [-1 -1 -1 -1 -1  0 -1  0  0  0 -1 -1]
  [-1  0 -1 -1 -1 -1 -1  0 -1  0  0  0]]]
----------------------------
Weights: 1810 Vote: For Placement ([0, 0, 0, 0, 0], [0, 0, 0, 0, 0])
[[[ 0  0  0  0  0  0  0  0  0  0  0  0]
  [ 0  0  0  0  0  0  0  0 -1 -1 -1  0]
  [-1  0  0  0 -1 -1  0 -1  0  0  0  0]]

 [[-1  0 -1 -1  0  0  0 -1 -1 -1 -1 -1]
  [-1  0  0 -1 -1  0 -1 -1  0 -1  0 -1]
  [-1 -1  0 -1 -1  0 -1 -1 -1 -1 -1  0]]

 [[-1  0  0  0 -1 -1  0  2  0 -1  0 -1]
  [-1 -1 -1  0 -1  0 -1  0  0  0 -1 -1]
  [-1 -1 -1  0 -1  0  0  0 -1  0 -1  0]]]
----------------------------
Weights: 1777 Vote: Against Placement ([0, 0, 0, 0, 0], [0, 0, 0, 0, 0])
[[[ 0  0  0  0  0  0  0  0  0  0  0  0]
  [ 0  0 -1  0  0  0  0  0 -1 -1  0 -1]
  [-1  0 -1 -1 -1 -1 -1 -1 -1  0 -1 -1]]

 [[-1 -1 -1 -1 -1 -1 -1 -1 -1 -1 -1 -1]
  [-1 -1 -1 -1 -1 -1 -1 -1 -1 -1 -1  0]
  [-1  0 -1 -1 -1 -1 -1 -1 -1 -1 -1 -1]]

 [[ 0  0 -1 -1 -1 -1 -1 -1 -1 -1 -1 -1]
  [-1  0 -1 -1 -1 -1 -1 -1 -1 -1  2 -1]
  [-1  0 -1 -1 -1 -1  0 -1  0 -1 -1 -1]]]
----------------------------
Weights: 1769 Vote: Against Placement ([0, 0, 0, 0, 0], [0, 0, 0, 0, 0])
[[[ 0  0  0  0  0  0  0  0  0  0  0 -1]
  [-1 -1 -1  0  0  0  0  0 -1 -1  0  0]
  [ 0 -1 -1 -1 -1 -1 -1 -1 -1  0  0 -1]]

 [[-1 -1 -1 -1 -1 -1 -1 -1 -1 -1 -1 -1]
  [ 0 -1 -1 -1 -1 -1 -1 -1 -1 -1  0 -1]
  [-1  0 -1  1 -1 -1  0 -1 -1  0 -1  0]]

 [[-1  0 -1  0 -1 -1 -1 -1  0 -1  0 -1]
  [ 0 -1 -1 -1 -1 -1 -1 -1 -1  0  0 -1]
  [ 0  0 -1  0  0 -1 -1 -1 -1 -1 -1 -1]]]
----------------------------
Weights: 1718 Vote: Against Placement ([0, 0, 0, 0, 0], [0, 0, 0, 0, 0])
[[[ 0  0  0  0  0  0  0  0  0  0  0  0]
  [ 0  0 -1  0  0  0  0  0 -1 -1 -1  0]
  [-1 -1  0 -1 -1 -1 -1 -1  0 -1 -1 -1]]

 [[-1  0  0 -1 -1 -1 -1 -1 -1  0  0 -1]
  [-1  0 -1 -1 -1 -1 -1 -1 -1 -1 -1 -1]
  [-1  0  0 -1 -1 -1 -1 -1 -1 -1 -1 -1]]

 [[ 0  0 -1 -1 -1 -1 -1 -1 -1 -1 -1  0]
  [-1 -1 -1 -1 -1 -1 -1 -1 -1 -1  2 -1]
  [-1  0 -1 -1 -1 -1 -1 -1  0 -1 -1 -1]]]
----------------------------
Weights: 1715 Vote: Against Placement ([0, 0, 0, 0, 0], [0, 0, 0, 0, 0])
[[[ 0  0  0  0  0  0  0  0  0  0  0  0]
  [ 0  0  0  0  0  0  0  0  0  0  0  0]
  [ 0 -1  0  0  0  0  0  0  0  0  0  0]]

 [[ 0 -1  0  0  0  0  0  0  0  0  0  0]
  [ 0  0  0  0  0  0  0  1  0  0  0  0]
  [ 0  0  0  0  0  0  0  0  0  0  0  0]]

 [[ 0  0  0  0  0  0  0  0  0  0  0  0]
  [ 0  0  0  0  0  0  0  0  0  0  0  0]
  [ 0 -1  0  0  0  0  0  0  0  0  0  0]]]
----------------------------
Weights: 1647 Vote: For Placement ([0, 0, 0, 0, 0], [0, 0, 0, 0, 0])
[[[ 0  0  0  0  0  0  0  0  0  0  0  0]
  [ 0  0  0  0  0  0  0  0 -1  0  0  0]
  [-1  0 -1 -1  0  0  0 -1  0  0  0  0]]

 [[ 0  0  0  0  0  0 -1 -1  0  0  0  0]
  [ 0  0 -1  0  0 -1  0  2  0  0  0 -1]
  [-1  0 -1  0  0  0  0 -1  0  0  0  0]]

 [[-1  0  0  0  0  0  0 -1  0  0  0 -1]
  [ 0  0 -1  0  0 -1  0  0 -1  0  0  0]
  [ 0  0  0  0  0 -1  0  0  0  0  0 -1]]]
----------------------------
Weights: 1637 Vote: Against Placement ([0, 0, 0, 0, 0], [0, 0, 0, 0, 0])
[[[ 1  1  1  0  0  1  1  1  1  0  0  0]
  [ 0  0  0  0  0  0  0  0 -1 -1 -1 -1]
  [-1 -1 -1 -1 -1 -1 -1 -1 -1 -1 -1  0]]

 [[-1 -1 -1 -1 -1 -1 -1 -1 -1 -1 -1 -1]
  [-1 -1 -1 -1 -1 -1 -1 -1 -1 -1 -1 -1]
  [-1 -1 -1  2 -1 -1 -1 -1 -1 -1 -1 -1]]

 [[-1  0 -1 -1 -1 -1 -1 -1 -1 -1 -1 -1]
  [-1 -1 -1 -1 -1 -1 -1 -1 -1 -1 -1 -1]
  [-1 -1 -1 -1 -1 -1 -1 -1 -1 -1 -1 -1]]]
----------------------------
Weights: 1566 Vote: Against Placement ([0, 0, 0, 0, 0], [0, 0, 0, 0, 0])
[[[ 0  0  0  0  0  0  0  0  0  0  0  0]
  [ 0 -1 -1  0  0  0  0  0 -1 -1 -1 -1]
  [-1  0 -1 -1 -1 -1 -1 -1  0 -1 -1 -1]]

 [[-1  0 -1 -1  0  0 -1 -1 -1 -1  0  0]
  [ 0  0 -1 -1  0 -1 -1 -1 -1  0 -1 -1]
  [-1  0 -1 -1 -1  0 -1  0 -1 -1  0 -1]]

 [[-1  0 -1  0 -1 -1  0  0 -1 -1 -1 -1]
  [-1  0  0 -1 -1 -1 -1 -1 -1 -1 -1  0]
  [ 0  0 -1  0  0  0  0 -1  0 -1  2 -1]]]
----------------------------
Weights: 1534 Vote: Against Placement ([0, 0, 0, 0, 0], [0, 0, 0, 0, 0])
[[[ 0  0  0  0  0  1  1  0  0  0  0  0]
  [-1 -1 -1  0  0  0  0  0 -1 -1 -1 -1]
  [-1 -1 -1 -1 -1 -1 -1 -1 -1 -1 -1 -1]]

 [[-1 -1 -1 -1 -1 -1 -1 -1 -1 -1 -1 -1]
  [-1 -1 -1 -1 -1 -1 -1 -1 -1 -1 -1 -1]
  [-1 -1 -1  2 -1 -1 -1 -1 -1 -1 -1 -1]]

 [[-1  0 -1 -1 -1 -1 -1 -1 -1 -1 -1 -1]
  [-1 -1 -1 -1 -1 -1 -1 -1 -1 -1 -1 -1]
  [-1 -1 -1 -1 -1 -1 -1 -1 -1 -1 -1 -1]]]
----------------------------
Weights: 1518 Vote: For Placement ([0, 0, 0, 0, 0], [0, 0, 0, 0, 0])
[[[ 0  0  0  0  0  0  0  0  0  0  0  0]
  [ 0 -1  0  0  0  0  0  0  0 -1 -1  0]
  [ 0  0  0 -1  0  0  0  0  0 -1  0  0]]

 [[ 0 -1  0  0  0  0  0  0  0  0  0 -1]
  [ 0  0  0  0  0 -1 -1  0  0 -1  0  0]
  [ 0  0  0 -1  0  0  0  0  0  0  0  0]]

 [[ 0  0  0  0  0  0 -1  0  0  0  0  0]
  [ 0 -1  0  0  0 -1  0  0 -1  0  1 -1]
  [-1  0  0  0  0  0  0  0  0  0  0  0]]]
----------------------------
Weights: 1513 Vote: Against Placement ([0, 0, 0, 0, 0], [0, 0, 0, 0, 0])
[[[ 1  1  1  0  0  0  0  0  0  0  0  0]
  [ 0  0 -1  0  0 -1 -1 -1 -1 -1 -1 -1]
  [-1 -1 -1 -1 -1 -1 -1 -1 -1 -1 -1 -1]]

 [[-1 -1  0 -1  0 -1 -1 -1 -1 -1 -1 -1]
  [-1 -1 -1 -1 -1 -1 -1 -1 -1 -1 -1 -1]
  [-1 -1 -1  2 -1 -1 -1 -1 -1  0 -1 -1]]

 [[-1  0 -1 -1 -1 -1 -1 -1 -1 -1 -1 -1]
  [-1 -1 -1 -1 -1 -1 -1 -1 -1 -1 -1 -1]
  [-1 -1 -1 -1 -1 -1 -1 -1 -1 -1 -1 -1]]]
----------------------------
