=====================
Machine: 0
=====================
Weights: 798 Vote: Against Placement ([0, 0, 0, 0, 0], [0, 0, 0, 0, 0])
[[[ 1  0  0  0  0  0  0  0  0  0  0  0]
  [-1 -1 -1  0  0  0  0 -1 -1 -1 -1 -1]
  [-1 -1 -1 -1 -1 -1 -1  0 -1 -1 -1 -1]]

 [[-1 -1 -1 -1 -1 -1 -1 -1 -1 -1 -1 -1]
  [-1 -1 -1 -1 -1 -1 -1  0 -1 -1 -1 -1]
  [-1 -1 -1 -1 -1 -1 -1 -1 -1 -1 -1 -1]]

 [[-1 -1 -1 -1 -1 -1 -1  0 -1 -1 -1 -1]
  [-1 -1 -1 -1 -1 -1 -1 -1 -1 -1  2 -1]
  [-1 -1 -1 -1 -1 -1 -1 -1  0 -1 -1 -1]]]
----------------------------
Weights: 621 Vote: For Placement ([0, 0, 0, 0, 0], [0, 0, 0, 0, 0])
[[[ 1  0  1  0  0  1  1  1  1  0  0  0]
  [ 0  0  0  0  0  0  0  0 -1 -1 -1 -1]
  [-1 -1 -1  0 -1 -1 -1 -1 -1 -1 -1 -1]]

 [[-1 -1  0 -1  0 -1 -1 -1 -1  2 -1 -1]
  [-1 -1  0 -1  0 -1 -1  0  0 -1 -1 -1]
  [ 0 -1 -1 -1  0 -1 -1 -1 -1 -1  0 -1]]

 [[-1 -1 -1 -1 -1 -1  0 -1 -1 -1  0 -1]
  [-1 -1 -1 -1 -1 -1  0 -1 -1 -1 -1 -1]
  [-1 -1 -1 -1  0 -1 -1 -1 -1 -1 -1 -1]]]
----------------------------
Weights: 538 Vote: For Placement ([0, 0, 0, 0, 0], [0, 0, 0, 0, 0])
[[[ 1  1  0  0  0  0  0  0  0  0  0  0]
  [ 0  0 -1  0  0 -1 -1 -1 -1 -1 -1 -1]
  [-1  0 -1 -1  0 -1 -1 -1 -1 -1 -1 -1]]

 [[-1  0 -1 -1 -1 -1 -1 -1 -1 -1 -1 -1]
  [-1  0 -1 -1 -1 -1 -1 -1 -1 -1 -1 -1]
  [-1 -1 -1 -1 -1 -1 -1 -1 -1  0 -1 -1]]

 [[-1  0 -1 -1 -1 -1 -1 -1 -1 -1 -1 -1]
  [-1  0 -1 -1 -1 -1 -1 -1 -1 -1  2 -1]
  [-1  0 -1 -1 -1 -1 -1 -1  0 -1  0 -1]]]
----------------------------
Weights: 514 Vote: For Placement ([0, 0, 0, 0, 0], [0, 0, 0, 0, 0])
[[[ 0  0  0  0  0  0  0  0  0  0  0  0]
  [ 0 -1 -1  0  0  0 -1 -1 -1 -1 -1  0]
  [-1  0  0  0 -1 -1 -1 -1  0 -1 -1 -1]]

 [[-1  0 -1 -1 -1 -1 -1  0  0 -1  2  0]
  [-1 -1  0 -1  0 -1 -1 -1  0 -1  0 -1]
  [-1  0 -1 -1 -1 -1 -1 -1 -1 -1 -1  0]]

 [[-1  0 -1 -1 -1 -1 -1 -1 -1  0 -1  0]
  [-1 -1 -1  0 -1 -1 -1 -1 -1 -1  0 -1]
  [-1 -1 -1 -1 -1 -1  0  0 -1 -1 -1  0]]]
----------------------------
Weights: 507 Vote: Against Placement ([0, 0, 0, 0, 0], [0, 0, 0, 0, 0])
[[[ 1  1  1  1  1  1  0  0  0  0  0  0]
  [ 0  0  0  0  0  0  0 -1 -1  0  0  0]
  [ 0 -1 -1  1  0  0  0  0  0  0 -1  0]]

 [[ 0  0 -1  0 -1 -1 -1 -1 -1 -1 -1 -1]
  [-1  0 -1 -1 -1 -1 -1  0 -1 -1  0 -1]
  [-1  0 -1 -1 -1  0 -1 -1 -1  0  0 -1]]

 [[-1 -1  0 -1  0 -1 -1 -1 -1 -1 -1 -1]
  [ 0  0 -1 -1  0 -1  0 -1 -1 -1 -1 -1]
  [-1 -1  0  0  0 -1  0  0 -1  0 -1  0]]]
----------------------------
Weights: 486 Vote: For Placement ([0, 0, 0, 0, 0], [0, 0, 0, 0, 0])
[[[ 0  0  0  0  0  1  1  1  0  0  0  0]
  [-1 -1  0  0  0  0  0  0 -1 -1  0 -1]
  [ 0  0 -1 -1 -1 -1 -1 -1 -1 -1 -1 -1]]

 [[-1  0 -1  0 -1 -1 -1 -1 -1 -1 -1 -1]
  [ 0  0 -1 -1 -1 -1 -1 -1 -1 -1 -1 -1]
  [-1 -1 -1  0  0 -1  0 -1 -1 -1 -1 -1]]

 [[-1  0  0 -1 -1 -1 -1 -1 -1  0  0 -1]
  [-1  0 -1  0 -1 -1 -1 -1 -1  0 -1 -1]
  [-1  0 -1  0 -1  0 -1 -1 -1 -1  2 -1]]]
----------------------------
Weights: 481 Vote: For Placement ([0, 0, 0, 0, 0], [0, 0, 0, 0, 0])
[[[ 0  0  0  0  0  1  1  1  1  0  0  0]
  [ 0  0  0  0  0  0  0  0 -1 -1 -1 -1]
  [-1 -1 -1 -1 -1 -1  0 -1 -1 -1 -1 -1]]

 [[-1  0 -1 -1 -1 -1 -1 -1 -1 -1 -1 -1]
  [ 0 -1 -1 -1 -1 -1 -1 -1 -1  0 -1 -1]
  [-1 -1 -1 -1 -1 -1 -1 -1  0 -1 -1 -1]]

 [[ 0 -1 -1 -1 -1 -1 -1 -1  0 -1  0 -1]
  [-1  0 -1 -1 -1 -1 -1 -1 -1 -1 -1 -1]
  [-1 -1 -1 -1 -1 -1 -1 -1 -1 -1  1 -1]]]
----------------------------
Weights: 480 Vote: For Placement ([0, 0, 0, 0, 0], [0, 0, 0, 0, 0])
[[[ 0  0  0  0  0  0  0  0  0  0  0  0]
  [-1  0  0  0  0  0  0  0 -1 -1 -1 -1]
  [-1  0 -1 -1 -1 -1 -1 -1 -1 -1 -1 -1]]

 [[-1  0  0  0 -1 -1 -1 -1  0  0 -1 -1]
  [-1  0  0 -1 -1 -1 -1 -1 -1 -1  2 -1]
  [-1  0 -1 -1 -1  0 -1 -1  0 -1 -1 -1]]

 [[-1 -1 -1  0 -1 -1  0  0 -1  0 -1 -1]
  [-1  0  0 -1 -1 -1 -1 -1 -1 -1 -1 -1]
  [-1  0 -1 -1  0 -1 -1  0  0 -1 -1  0]]]
----------------------------
Weights: 478 Vote: For Placement ([0, 0, 0, 0, 0], [0, 0, 0, 0, 0])
[[[ 0  0  0  0  0  1  0  1  1  0  0  0]
  [ 0 -1 -1  0  0  0  0  0 -1 -1 -1 -1]
  [-1 -1 -1 -1 -1 -1 -1 -1 -1 -1 -1 -1]]

 [[-1 -1 -1 -1 -1 -1  0 -1 -1 -1 -1 -1]
  [-1  0  0  0 -1 -1 -1 -1 -1 -1 -1 -1]
  [-1 -1 -1 -1 -1 -1 -1 -1 -1 -1 -1 -1]]

 [[-1  0 -1 -1 -1 -1 -1 -1 -1 -1 -1 -1]
  [-1  0 -1 -1 -1  0 -1 -1 -1 -1 -1 -1]
  [-1  0 -1  0 -1 -1 -1 -1 -1 -1  2 -1]]]
----------------------------
Weights: 472 Vote: For Placement ([0, 0, 0, 0, 0], [0, 0, 0, 0, 0])
[[[ 0  0  0  0  0  1  1  0  1  1  0  0]
  [ 0  0 -1  0  0  0  0  0  0  0  0 -1]
  [-1 -1 -1 -1  0 -1  0 -1 -1 -1 -1  0]]

 [[ 0  0 -1 -1 -1  0 -1 -1 -1  0 -1  0]
  [ 0  0 -1 -1 -1 -1 -1 -1 -1  0  0 -1]
  [-1 -1 -1 -1 -1 -1 -1 -1  0 -1 -1 -1]]

 [[ 0  0 -1  0  0  0  0 -1  0 -1 -1  0]
  [ 0  0  0  0  0 -1  0 -1 -1 -1 -1 -1]
  [-1  0  0 -1  0 -1 -1  0 -1 -1  2  0]]]
----------------------------
Weights: 469 Vote: For Placement ([0, 0, 0, 0, 0], [0, 0, 0, 0, 0])
[[[ 0  0  0  0  0  0  1  0  0  0  0  0]
  [-1  0 -1  0  0  0  0  0  0  0  0  0]
  [ 0 -1  0 -1  0  0 -1 -1 -1  0  0 -1]]

 [[ 0  0 -1 -1  0 -1  0  0  0  0  0 -1]
  [ 0  0  0 -1 -1 -1 -1 -1 -1 -1 -1 -1]
  [-1  0 -1 -1  0 -1 -1  0 -1  0  1  0]]

 [[ 0  0 -1  0  0  0 -1 -1  0 -1  0  0]
  [ 0  0  0 -1  0  0  0  0  0 -1  0  0]
  [ 0  0 -1  0  0 -1  0 -1  0 -1  0 -1]]]
----------------------------
Weights: 469 Vote: For Placement ([0, 0, 0, 0, 0], [0, 0, 0, 0, 0])
[[[ 1  1  1  0  0  1  0  0  0  0  0  0]
  [ 0  0 -1  0  0  0  0  0 -1 -1 -1  0]
  [-1  0  0 -1 -1  0 -1 -1 -1 -1  0 -1]]

 [[ 0  0  0 -1 -1 -1 -1 -1  0 -1  0 -1]
  [ 0  0 -1 -1 -1  0  0 -1 -1 -1 -1 -1]
  [-1  0 -1  0 -1  0 -1 -1 -1 -1 -1 -1]]

 [[-1  0  0 -1 -1 -1  0 -1 -1 -1 -1 -1]
  [-1 -1 -1 -1  0 -1 -1 -1 -1 -1  2 -1]
  [-1  0 -1 -1  0 -1  0 -1  0 -1  0 -1]]]
----------------------------
Weights: 464 Vote: For Placement ([0, 0, 0, 0, 0], [0, 0, 0, 0, 0])
[[[ 0  0  0  0  0  1  1  1  1  1  0  0]
  [ 0  0 -1  0  0  0  0  0 -1 -1  0 -1]
  [-1 -1 -1 -1 -1  0 -1 -1 -1 -1 -1 -1]]

 [[-1  0 -1 -1 -1 -1 -1 -1 -1 -1 -1 -1]
  [-1  0 -1 -1 -1 -1 -1 -1 -1 -1 -1 -1]
  [-1 -1 -1 -1 -1 -1 -1 -1 -1  0 -1 -1]]

 [[-1  0 -1 -1 -1  0 -1 -1  0 -1 -1  0]
  [-1 -1 -1 -1 -1 -1 -1 -1 -1 -1 -1  0]
  [-1 -1 -1 -1 -1 -1 -1  0 -1 -1  2  0]]]
----------------------------
Weights: 458 Vote: For Placement ([0, 0, 0, 0, 0], [0, 0, 0, 0, 0])
[[[ 0  0  0  0  0  0  0  0  0  0  0  0]
  [ 0  0  0 -1 -1 -1 -1 -1 -1 -1 -1 -1]
  [ 0  0 -1 -1  0  0  0 -1  0 -1 -1 -1]]

 [[-1  0  0  0  0 -1 -1 -1 -1  0 -1 -1]
  [-1  0 -1 -1 -1 -1  0 -1 -1 -1 -1  0]
  [-1  0 -1  0  0 -1  0 -1 -1 -1 -1 -1]]

 [[-1 -1 -1  0 -1  0  0 -1 -1  0  1  0]
  [ 0  0 -1  0 -1 -1 -1 -1  0  0  0 -1]
  [-1 -1 -1 -1 -1 -1 -1 -1 -1 -1 -1 -1]]]
----------------------------
Weights: 457 Vote: For Placement ([0, 0, 0, 0, 0], [0, 0, 0, 0, 0])
[[[ 0  0  0  0  0  0  0  0  0  0  0 -1]
  [ 0 -1  0  0  0  0  0  0  0  0  0  0]
  [ 0 -1  0  0  0  0  0  0  0  0  0  0]]

 [[ 0  0 -1  0  0  0  0  0  0  0  0  0]
  [ 0  0  0  0  0  0  0  0  0  0  0  0]
  [-1  0  0  0  0  0  0  0  0  0  1  0]]

 [[ 0  0 -1  0  0  0  0  0  0  0  0  0]
  [ 0  0  0  0  0  0  0  0  0  0  0  0]
  [ 0  0  0  0  0  0  0  0  0 -1  0  0]]]
----------------------------
