1 means white as starting side, 2 means black
Depth: 1

Player starting as: 1, Result: [(1, 2), (1, 2), (1, 2), (0, 1), (1, 2), (1, 2), (1, 2), (1, 2), (1, 2), (1, 2), (-1, 2), (-1, 2), (-1, 2), (-1, 2), (-1, 2), (-1, 2), (-1, 2), (-1, 2), (0, 1), (-1, 2)]
1 means white as starting side, 2 means black
Depth: 1

Player starting as: 1, Result: [(0, 1), (0, 1), (0, 1), (1, 2), (1, 2), (1, 2), (0, 1), (0, 1), (0, 1), (0, 1), (0, 1), (-1, 2), (-1, 2), (-1, 2), (-1, 2), (0, 1), (-1, 2), (0, 1), (0, 1), (0, 1)]
Player starting as: 1, Result: [(0, 1), (0, 1), (0, 1), (0, 1), (0, 1), (0, 1), (0, 1), (0, 1), (0, 1), (0, 1), (0, 1), (0, 1), (0, 1), (0, 1), (0, 1), (0, 1), (0, 1), (0, 1), (0, 1), (0, 1)]
Player starting as: 1, Result: [(0, 1), (0, 1), (0, 1), (0, 1), (0, 1), (0, 1), (0, 1), (0, 1), (0, 1), (0, 1), (0, 1), (0, 1), (0, 1), (0, 1), (0, 1), (0, 1), (0, 1), (0, 1), (0, 1), (0, 1)]
Player starting as: 1, Result: [(0, 1), (0, 1), (0, 1), (0, 1), (0, 1), (0, 1), (0, 1), (0, 1), (0, 1), (0, 1), (0, 1), (0, 1), (0, 1), (0, 1), (0, 1), (0, 1), (0, 1), (0, 1), (0, 1), (0, 1)]
Player starting as: 1, Result: [(0, 1), (0, 1), (0, 1), (0, 1), (0, 1), (0, 1), (0, 2), (0, 1), (0, 1), (0, 1), (0, 1), (-1, 2), (1, 2), (0, 1), (0, 1), (0, 1), (0, 1), (0, 1), (1, 2), (-1, 2)]
Player starting as: 1, Result: [(0, 1), (0, 1), (0, 1), (0, 1), (0, 1), (0, 1), (0, 1), (0, 1), (0, 1), (0, 1), (0, 1), (0, 1), (0, 1), (0, 1), (0, 1), (0, 1), (0, 1), (0, 1), (0, 1), (0, 1)]
Player starting as: 1, Result: [(0, 1), (0, 1), (0, 1), (0, 1), (0, 1), (0, 1), (0, 1), (0, 1), (0, 1), (0, 1), (0, 1), (0, 1), (0, 1), (0, 1), (0, 1), (0, 1), (0, 1), (0, 1), (0, 1), (0, 1)]
Player starting as: 1, Result: [(1, 2), (0, 1), (1, 2), (0, 1), (1, 2), (0, 1), (0, 1), (0, 1), (0, 1), (0, 1), (0, 1), (0, 1), (0, 1), (-1, 2), (-1, 2), (0, 1), (0, 1), (0, 1), (0, 1), (-1, 2)]
Player starting as: 1, Result: [(0, 1), (0, 1), (0, 1), (0, 1), (0, 1), (0, 1), (0, 1), (0, 1), (0, 1), (0, 1), (0, 1), (0, 1), (0, 1), (0, 1), (0, 1), (0, 1), (0, 1), (0, 1), (0, 1), (0, 1)]

1 means white as starting side, 2 means black
Depth: 3

1 means white as starting side, 2 means black
Depth: 3

Player starting as: 1, Result: [(1, 2), (0, 1), (1, 2), (1, 2), (0, 1), (0, 1), (1, 2), (1, 2), (1, 2), (1, 2), (-1, 2), (-1, 2), (-1, 2), (0, 1), (-1, 2), (0, 1), (-1, 2), (-1, 2), (-1, 2), (-1, 2)]
Player starting as: 1, Result: [(0, 1), (0, 1), (0, 1), (0, 1), (0, 1), (0, 1), (0, 1), (0, 1), (0, 1), (0, 1), (0, 1), (0, 1), (0, 1), (0, 1), (0, 1), (0, 1), (0, 1), (0, 1), (0, 1), (0, 1)]
Player starting as: 1, Result: [(0, 1), (0, 1), (0, 1), (0, 1), (0, 1), (0, 1), (0, 1), (0, 1), (0, 1), (0, 1), (0, 1), (0, 1), (0, 1), (0, 1), (0, 1), (0, 1), (0, 1), (0, 1), (0, 1), (0, 1)]
Player starting as: 1, Result: [(0, 1), (0, 1), (0, 1), (0, 1), (0, 1), (0, 1), (0, 1), (0, 1), (0, 1), (0, 1), (0, 1), (0, 1), (0, 1), (0, 1), (0, 1), (0, 1), (0, 1), (0, 1), (0, 1), (0, 1)]
Player starting as: 1, Result: [(0, 1), (1, 2), (1, 2), (0, 1), (1, 2), (1, 2), (0, 1), (0, 1), (0, 1), (1, 2), (-1, 2), (0, 1), (-1, 2), (0, 1), (0, 1), (0, 1), (0, 1), (0, 1), (0, 1), (0, 1)]
Player starting as: 1, Result: [(0, 1), (0, 1), (0, 1), (0, 1), (0, 1), (0, 1), (0, 1), (0, 1), (0, 1), (0, 1), (0, 1), (0, 1), (0, 1), (0, 1), (0, 1), (0, 1), (0, 1), (0, 1), (0, 1), (0, 1)]
Player starting as: 1, Result: [(0, 1), (0, 1), (0, 1), (0, 1), (0, 1), (0, 1), (0, 1), (0, 1), (0, 1), (0, 1), (0, 1), (0, 1), (0, 1), (0, 1), (0, 1), (0, 1), (0, 1), (0, 1), (0, 1), (0, 1)]
Player starting as: 1, Result: [(1, 2), (0, 1), (0, 1), (1, 2), (1, 2), (0, 1), (1, 2), (1, 2), (1, 2), (0, 1), (-1, 2), (0, 1), (-1, 2), (0, 1), (-1, 2), (0, 1), (-1, 2), (0, 1), (0, 1), (-1, 2)]
Player starting as: 1, Result: [(0, 1), (0, 1), (0, 1), (0, 1), (0, 1), (0, 1), (0, 1), (0, 1), (0, 1), (0, 1), (0, 1), (0, 1), (0, 1), (0, 1), (0, 1), (0, 1), (0, 1), (0, 1), (0, 1), (0, 1)]

